[gd_scene load_steps=8 format=3 uid="uid://ce0lwh50nlme7"]

[ext_resource type="PackedScene" uid="uid://mlaxx6mk05tj" path="res://KayKit_Adventurers_1.0_FREE/KayKit_Adventurers_1.0_FREE/Characters/gltf/Knight.glb" id="1_xuw8v"]
[ext_resource type="Script" path="res://Knight.gd" id="2_yqqt5"]

[sub_resource type="CapsuleShape3D" id="CapsuleShape3D_lpwnd"]
radius = 0.702808
height = 2.32558

[sub_resource type="AnimationNodeAnimation" id="AnimationNodeAnimation_fv4b1"]
animation = &"Idle"

[sub_resource type="AnimationNodeBlend2" id="AnimationNodeBlend2_26rwo"]

[sub_resource type="AnimationNodeAnimation" id="AnimationNodeAnimation_ttck6"]
animation = &"Walking_A"

[sub_resource type="AnimationNodeBlendTree" id="AnimationNodeBlendTree_7s5q0"]
graph_offset = Vector2(-26.2472, -39.3839)
nodes/Idle/node = SubResource("AnimationNodeAnimation_fv4b1")
nodes/Idle/position = Vector2(200, 80)
nodes/Idle_Walk/node = SubResource("AnimationNodeBlend2_26rwo")
nodes/Idle_Walk/position = Vector2(480, 80)
nodes/Walk/node = SubResource("AnimationNodeAnimation_ttck6")
nodes/Walk/position = Vector2(200, 220)
nodes/output/position = Vector2(800, 160)
node_connections = [&"output", 0, &"Idle_Walk", &"Idle_Walk", 0, &"Idle", &"Idle_Walk", 1, &"Walk"]

[node name="Knight" instance=ExtResource("1_xuw8v")]
transform = Transform3D(0.7, 0, 0, 0, 0.7, 0, 0, 0, 0.7, 0, 0, 0)
script = ExtResource("2_yqqt5")

[node name="CollisionShape3D" type="CollisionShape3D" parent="." index="0"]
transform = Transform3D(1, 0, 0, 0, 1, 0, 0, 0, 1, 0, 1.15845, 0)
shape = SubResource("CapsuleShape3D_lpwnd")

[node name="Skeleton3D" parent="Rig" index="0"]
transform = Transform3D(-1, 0, -8.74228e-08, 0, 1, 0, 8.74228e-08, 0, -1, 0, 0, 0)
bones/1/position = Vector3(0, 0.389999, 0)
bones/1/rotation = Quaternion(-1.11123e-10, 0.0431578, 2.57241e-09, 0.999068)
bones/4/rotation = Quaternion(-0.558202, -0.0618561, -0.648463, 0.513887)
bones/5/rotation = Quaternion(1.98097e-08, -4.2727e-08, -0.487219, 0.87328)
bones/7/rotation = Quaternion(-0.319657, -0.325468, 0.141767, 0.878517)
bones/8/rotation = Quaternion(0.000625554, 0.000625522, -0.704807, 0.709399)
bones/14/rotation = Quaternion(-0.616878, 0.0817241, 0.621995, 0.475293)
bones/15/rotation = Quaternion(2.05589e-08, 5.20762e-08, 0.510778, 0.859713)
bones/17/rotation = Quaternion(-0.317934, 0.300247, -0.223375, 0.871133)
bones/18/rotation = Quaternion(0.00115201, 0.0013569, 0.705911, 0.708299)
bones/21/rotation = Quaternion(-5.80608e-11, -0.0313417, -1.88012e-09, 0.999509)
bones/24/rotation = Quaternion(0.99352, 0.083461, 0.074235, 0.0209871)
bones/25/rotation = Quaternion(0.22175, 6.62746e-08, -1.50298e-07, 0.975104)
bones/26/rotation = Quaternion(-0.531154, -0.208712, 0.0476262, 0.819784)
bones/28/rotation = Quaternion(0.996844, -0.029858, 0.0313358, 0.0665363)
bones/29/rotation = Quaternion(0.293263, -6.33539e-08, 2.03628e-07, 0.956032)
bones/30/rotation = Quaternion(-0.569274, 0.114383, -0.0102299, 0.814088)
bones/33/position = Vector3(0.202182, 0.0259903, 0.205181)
bones/34/rotation = Quaternion(9.65792e-09, 1.77955e-09, 0.985719, -0.168398)
bones/35/rotation = Quaternion(-1.04035e-07, 0.391084, 0.920355, -2.9526e-08)
bones/41/rotation = Quaternion(-5.83589e-09, 6.43837e-10, 0.994809, 0.101756)
bones/42/rotation = Quaternion(-1.04035e-07, 0.391084, 0.920355, -2.95261e-08)
bones/47/position = Vector3(0.520841, 0.783221, -0.0576374)
bones/47/rotation = Quaternion(0.794627, -9.80973e-08, 0.607098, -8.14761e-08)
bones/49/position = Vector3(-0.510844, 0.783221, 0.0597369)
bones/49/rotation = Quaternion(-0.758253, -2.06327e-07, 0.651961, -2.6433e-08)

[node name="1H_Sword_Offhand" parent="Rig/Skeleton3D" index="0"]
transform = Transform3D(1.57505e-06, 0.262865, 0.964832, 0.999976, -0.00649398, 0.00176814, 0.00673068, 0.96481, -0.262858, 0.512149, 0.631203, -0.00265416)
visible = false
bone_idx = 9

[node name="1H_Sword_Offhand" parent="Rig/Skeleton3D/1H_Sword_Offhand" index="0"]
visible = false

[node name="Badge_Shield" parent="Rig/Skeleton3D" index="1"]
transform = Transform3D(1.59747e-06, 0.262864, 0.964832, 0.999976, -0.00649651, 0.00176881, 0.0067333, 0.96481, -0.262858, 0.662552, 0.631479, -0.0436299)
visible = false
bone_idx = 10

[node name="Rectangle_Shield" parent="Rig/Skeleton3D" index="2"]
transform = Transform3D(1.59747e-06, 0.262864, 0.964832, 0.999976, -0.00649651, 0.00176881, 0.0067333, 0.96481, -0.262858, 0.662552, 0.631479, -0.0436299)
visible = false
bone_idx = 11

[node name="Round_Shield" parent="Rig/Skeleton3D" index="3"]
transform = Transform3D(1.59747e-06, 0.262864, 0.964832, 0.999976, -0.00649651, 0.00176881, 0.0067333, 0.96481, -0.262858, 0.662552, 0.631479, -0.0436299)
visible = false
bone_idx = 12

[node name="Spike_Shield" parent="Rig/Skeleton3D" index="4"]
transform = Transform3D(1.59747e-06, 0.262864, 0.964832, 0.999976, -0.00649651, 0.00176881, 0.0067333, 0.96481, -0.262858, 0.662552, 0.631479, -0.0436299)
bone_idx = 13

[node name="1H_Sword" parent="Rig/Skeleton3D" index="5"]
transform = Transform3D(-0.000799929, -0.153401, 0.988163, 0.999994, -0.00337711, 0.00028487, 0.00329395, 0.988158, 0.153402, -0.496177, 0.635434, 0.138973)
visible = false
bone_idx = 19

[node name="2H_Sword" parent="Rig/Skeleton3D" index="6"]
transform = Transform3D(-0.000799944, -0.153401, 0.988163, 0.999994, -0.00337712, 0.000284883, 0.00329397, 0.988158, 0.153402, -0.496177, 0.635434, 0.138973)
bone_idx = 20

[node name="Knight_Helmet" parent="Rig/Skeleton3D" index="7"]
transform = Transform3D(0.99972, -1.40143e-09, 0.0236466, 1.39341e-09, 1, 3.55686e-10, -0.0236466, -3.22637e-10, 0.99972, 4.69869e-07, 1.20023, -1.19779e-07)
bone_idx = 22

[node name="Knight_Cape" parent="Rig/Skeleton3D" index="8"]
transform = Transform3D(0.996275, -5.14962e-09, 0.0862353, 5.13043e-09, 1, 4.44077e-10, -0.0862353, 1.8939e-15, 0.996275, -1.63023e-08, 1.20023, -1.40136e-07)
bone_idx = 23

[node name="AnimationTree" type="AnimationTree" parent="." index="3"]
tree_root = SubResource("AnimationNodeBlendTree_7s5q0")
anim_player = NodePath("../AnimationPlayer")
parameters/Idle_Walk/blend_amount = 0.0

[node name="Pivot" type="Marker3D" parent="." index="4"]
transform = Transform3D(1, 0, 0, 0, 1, 0, 0, 0, 1, 0, 1.6, 0)

[node name="Camera" type="Camera3D" parent="Pivot" index="0"]
transform = Transform3D(1, 0, 0, 0, 1, 0, 0, 0, 1, 0, 0, -0.721867)
current = true

[node name="Overhead" type="Camera3D" parent="." index="5"]
transform = Transform3D(1, -6.97574e-16, -1.5246e-23, -1.5246e-23, -4.37114e-08, 1, -6.97574e-16, -1, -4.37114e-08, 0, 6, 2.08165e-12)
current = true
